[
    177, np.array([
        9.30909107e-01,
        6.11579723e-02,
        6.64331139e-03,
        1.05999387e-03,
        2.29614946e-04
    ])
]
[
    180, np.array([
        9.89090023e-01,
        1.05663301e-02,
        3.21210807e-04,
        2.02459169e-05,
        2.18995184e-06
    ])
]
[
    139, np.array([
        9.79577461e-01,
        1.95862871e-02,
        7.73523038e-04,
        5.60533868e-05,
        6.67542188e-06
    ])
]
[
    272, np.array([
        9.39907334e-01,
        5.34324886e-02,
        5.65438269e-03,
        8.41964226e-04,
        1.63830104e-04
    ])
]
[
    146, np.array([
        9.99891829e-01,
        1.08103981e-04,
        6.68738524e-08,
        1.79743333e-10,
        1.51356715e-12
    ])
]
[
    117, np.array([
        9.99988755e-01,
        1.12438485e-05,
        1.54107847e-09,
        1.27624351e-12,
        4.11774785e-15
    ])
]
[
    201, np.array([
        9.87612956e-25,
        7.92815358e-06,
        7.37819775e-02,
        4.96378968e-01,
        4.29831127e-01
    ])
]